%           VIS       NIR       NOISE
%        st1 end1  st2  end2  st3  end3
int_vec=[1   200   201  500   501  926];
